<?xml version="1.0"?>
<opencv_storage>
<cropSize>70</cropSize>
<clustersPerClass>10</clustersPerClass>
<totalDictSize>
  1 60</totalDictSize>
<flagType>2</flagType>
<attempts>35</attempts>
<classes>"Grass Hedge RectPaving SmallBlocks tarmac unevenBricks "</classes>
<Kmeans>
  <Iterations>100000</Iterations>
  <Epsilon>9.9999999999999995e-07</Epsilon></Kmeans>
<vocabulary type_id="opencv-matrix">
  <rows>60</rows>
  <cols>1</cols>
  <dt>f</dt>
  <data>
    1.15286493e+01 3.10347977e+01 1.79044590e+01 4.63863134e+00
    8.13524818e+00 2.13836384e+01 2.56537094e+01 5.50588264e+01
    1.49452190e+01 3.98959999e+01 1.94687500e+01 5.15698004e+00
    3.21530495e+01 4.86203537e+01 2.74129238e+01 1.25171118e+01
    1.60060921e+01 2.34522934e+01 3.87384644e+01 9.07396030e+00
    1.59509649e+01 9.98085117e+00 3.62891731e+01 3.84634686e+00
    2.91160984e+01 2.36014175e+01 1.29460096e+01 4.70098991e+01
    1.93687172e+01 7.07834387e+00 3.42261391e+01 1.34577532e+01
    5.22513466e+01 4.26804810e+01 2.18630581e+01 5.40122080e+00
    6.43154755e+01 2.72716751e+01 1.74142570e+01 9.58666897e+00
    1.25171623e+01 6.16765690e+00 1.98287258e+01 1.05084333e+01
    2.90133343e+01 1.68913002e+01 1.44879627e+01 2.34109783e+01
    3.17530417e+00 8.51041889e+00 9.94927597e+00 5.19417496e+01
    2.88306141e+01 1.76484909e+01 3.84849143e+00 4.15411186e+01
    1.32924414e+01 2.32360992e+01 7.05240631e+00 3.43306198e+01</data></vocabulary>
<bins>
  0. 3.17531419e+00 3.84635687e+00 3.84850144e+00 4.63864136e+00
  5.15699005e+00 5.40123081e+00 6.16766691e+00 7.05241632e+00
  7.07835388e+00 8.13525772e+00 8.51042843e+00 9.07396984e+00
  9.58667850e+00 9.94928551e+00 9.98086071e+00 1.05084429e+01
  1.15286589e+01 1.25171213e+01 1.25171719e+01 1.29460192e+01
  1.32924509e+01 1.34577627e+01 1.44879723e+01 1.49452286e+01
  1.59509745e+01 1.60061016e+01 1.68913097e+01 1.74142666e+01
  1.76485004e+01 1.79044685e+01 1.93687267e+01 1.94687595e+01
  1.98287354e+01 2.13836479e+01 2.18630676e+01 2.32361088e+01
  2.34109879e+01 2.34523029e+01 2.36014271e+01 2.56537189e+01
  2.72716846e+01 2.74129333e+01 2.88306236e+01 2.90133438e+01
  2.91161079e+01 3.10348072e+01 3.21530609e+01 3.42261505e+01
  3.43306313e+01 3.62891846e+01 3.87384758e+01 3.98960114e+01
  4.15411301e+01 4.26804924e+01 4.70099106e+01 4.86203651e+01
  5.19417610e+01 5.22513580e+01 5.50588379e+01 6.43154831e+01 256.</bins>
</opencv_storage>
