<?xml version="1.0"?>
<opencv_storage>
<cropSize>70</cropSize>
<clustersPerClass>10</clustersPerClass>
<totalDictSize>
  1 60</totalDictSize>
<flagType>2</flagType>
<attempts>35</attempts>
<classes>"Grass Hedge RectPaving SmallBlocks tarmac unevenBricks "</classes>
<Kmeans>
  <Iterations>100000</Iterations>
  <Epsilon>9.9999999999999995e-07</Epsilon></Kmeans>
<vocabulary type_id="opencv-matrix">
  <rows>60</rows>
  <cols>1</cols>
  <dt>f</dt>
  <data>
    1.39618568e+01 3.10346165e+01 3.88570809e+00 7.71848297e+00
    2.50292015e+01 2.03222752e+01 5.11288223e+01 1.10188332e+01
    1.69387493e+01 3.81444969e+01 8.64531136e+00 3.97202034e+01
    2.34088593e+01 1.60130482e+01 2.77818413e+01 4.99858589e+01
    4.51530123e+00 1.94703102e+01 1.25200186e+01 3.31085892e+01
    2.20492706e+01 9.96486855e+00 1.73213387e+01 4.74624596e+01
    2.83911438e+01 6.64452972e+01 3.71780801e+00 7.05871487e+00
    1.33540306e+01 3.61860161e+01 3.51479912e+01 5.35735226e+00
    1.34420433e+01 6.76066284e+01 2.28516445e+01 5.36786423e+01
    9.58133602e+00 4.35753975e+01 1.78381424e+01 2.82748699e+01
    1.98318977e+01 8.53085136e+00 1.25103636e+01 2.95292397e+01
    3.25098062e+00 1.68851166e+01 6.14838743e+00 1.05147982e+01
    2.34477310e+01 1.45003233e+01 1.09510384e+01 3.61237259e+01
    2.21560955e+01 4.47773743e+00 1.38947601e+01 4.49269981e+01
    5.65641403e+01 8.07596779e+00 1.73427391e+01 2.86613941e+01</data></vocabulary>
<bins>
  0. 3.25099063e+00 3.71781802e+00 3.88571811e+00 4.47774744e+00
  4.51531124e+00 5.35736227e+00 6.14839745e+00 7.05872488e+00
  7.71849298e+00 8.07597733e+00 8.53086090e+00 8.64532089e+00
  9.58134556e+00 9.96487808e+00 1.05148077e+01 1.09510479e+01
  1.10188427e+01 1.25103731e+01 1.25200281e+01 1.33540401e+01
  1.34420528e+01 1.38947697e+01 1.39618664e+01 1.45003328e+01
  1.60130577e+01 1.68851261e+01 1.69387589e+01 1.73213482e+01
  1.73427486e+01 1.78381519e+01 1.94703197e+01 1.98319073e+01
  2.03222847e+01 2.20492802e+01 2.21561050e+01 2.28516541e+01
  2.34088688e+01 2.34477406e+01 2.50292110e+01 2.77818508e+01
  2.82748795e+01 2.83911533e+01 2.86614037e+01 2.95292492e+01
  3.10346260e+01 3.31086006e+01 3.51480026e+01 3.61237373e+01
  3.61860275e+01 3.81445084e+01 3.97202148e+01 4.35754089e+01
  4.49270096e+01 4.74624710e+01 4.99858704e+01 5.11288338e+01
  5.36786537e+01 5.65641518e+01 6.64453049e+01 6.76066360e+01 256.</bins>
</opencv_storage>
