<?xml version="1.0"?>
<opencv_storage>
<calibration_Time>"Fri Dec  4 07:59:19 2015"</calibration_Time>
<nrOfFrames>4</nrOfFrames>
<image_Width>640</image_Width>
<image_Height>360</image_Height>
<board_Width>9</board_Width>
<board_Height>6</board_Height>
<square_Size>25.</square_Size>
<FixAspectRatio>1.</FixAspectRatio>
<!-- flags:  +fix_aspectRatio +fix_principal_point +zero_tangent_dist -->
<flagValue>14</flagValue>
<Camera_Matrix type_id="opencv-matrix">
  <rows>3</rows>
  <cols>3</cols>
  <dt>d</dt>
  <data>
    5.5557220518509587e+02 0. 3.1950000000000000e+02 0.
    5.5557220518509587e+02 1.7950000000000000e+02 0. 0. 1.</data></Camera_Matrix>
<Distortion_Coefficients type_id="opencv-matrix">
  <rows>5</rows>
  <cols>1</cols>
  <dt>d</dt>
  <data>
    -5.7741625764779847e-01 6.3203610958740630e-01 0. 0.
    -5.3170958168738136e-01</data></Distortion_Coefficients>
<Avg_Reprojection_Error>2.3517240020660293e-01</Avg_Reprojection_Error>
<Per_View_Reprojection_Errors type_id="opencv-matrix">
  <rows>4</rows>
  <cols>1</cols>
  <dt>f</dt>
  <data>
    2.39888355e-01 1.88047931e-01 2.55470425e-01 2.51098871e-01</data></Per_View_Reprojection_Errors>
<!-- a set of 6-tuples (rotation vector + translation vector) for each view -->
<Extrinsic_Parameters type_id="opencv-matrix">
  <rows>4</rows>
  <cols>6</cols>
  <dt>d</dt>
  <data>
    5.2677464458348332e-02 7.6459680843566946e-01 3.0163296760754110e+00
    1.5202132966896409e+02 3.5103808958252927e+01 2.6846197161875955e+02
    -2.1705907272984853e-01 4.2896747717812087e-02
    -3.1279803378828337e+00 1.3835465152687411e+02
    5.6608316530177298e+01 3.8048363222094611e+02 2.3544433816876417e-02
    1.3204344224272607e-01 3.1075441260352510e+00 9.7605930975125275e+01
    5.5950125430685667e+01 3.3834555706168652e+02
    -9.2328620061375144e-01 -1.1144714481683970e-01
    -2.9142052779772309e+00 1.1057428057222054e+02
    5.2518739945624837e+01 3.2893780223840935e+02</data></Extrinsic_Parameters>
<Image_points type_id="opencv-matrix">
  <rows>4</rows>
  <cols>54</cols>
  <dt>"2f"</dt>
  <data>
    5.89033081e+02 2.42028854e+02 5.53117615e+02 2.45794342e+02
    5.13370667e+02 2.49534760e+02 4.69605103e+02 2.53202438e+02
    4.23107697e+02 2.56454041e+02 3.74178986e+02 2.59167175e+02
    3.23894318e+02 2.61284637e+02 2.74041351e+02 2.62651184e+02
    2.25644714e+02 2.63471954e+02 5.80938293e+02 2.02473083e+02
    5.45625732e+02 2.04677353e+02 5.06645660e+02 2.07012573e+02
    4.63937103e+02 2.09509689e+02 4.18586639e+02 2.11737427e+02
    3.71272339e+02 2.13765106e+02 3.22552704e+02 2.15657028e+02
    2.74324646e+02 2.17467789e+02 2.27535233e+02 2.18933380e+02
    5.72267883e+02 1.64966965e+02 5.37308472e+02 1.65911362e+02
    4.99367645e+02 1.67044037e+02 4.57731995e+02 1.68426834e+02
    4.13984436e+02 1.70008743e+02 3.68421021e+02 1.71142090e+02
    3.21378265e+02 1.73300354e+02 2.75154144e+02 1.75065399e+02
    2.29827469e+02 1.76922089e+02 5.62595398e+02 1.29920578e+02
    5.28656921e+02 1.29613358e+02 4.91546387e+02 1.29582596e+02
    4.51442627e+02 1.30098297e+02 4.09093811e+02 1.31219635e+02
    3.65428345e+02 1.32000259e+02 3.20505707e+02 1.34109451e+02
    2.76110046e+02 1.35997833e+02 2.32644943e+02 1.38330841e+02
    5.52949341e+02 9.75852509e+01 5.19744446e+02 9.63069534e+01
    4.83541382e+02 9.60106201e+01 4.44811096e+02 9.57793655e+01
    4.04332825e+02 9.61904526e+01 3.62447296e+02 9.69761429e+01
    3.19560333e+02 9.84618683e+01 2.77232452e+02 1.00501259e+02
    2.35574417e+02 1.02713562e+02 5.43273071e+02 6.79583740e+01
    5.10798706e+02 6.63345947e+01 4.75846954e+02 6.51856079e+01
    4.38559784e+02 6.45444870e+01 3.99616730e+02 6.44508743e+01
    3.59688354e+02 6.48051453e+01 3.18752167e+02 6.64829102e+01
    2.78320526e+02 6.85396957e+01 2.38518265e+02 7.09988174e+01
    5.06101807e+02 2.55935501e+02 4.74640747e+02 2.56573700e+02
    4.41945007e+02 2.57095581e+02 4.08253662e+02 2.57089233e+02
    3.73954315e+02 2.56885040e+02 3.39696106e+02 2.56390747e+02
    3.05576019e+02 2.55588730e+02 2.72322052e+02 2.54594604e+02
    2.40265839e+02 2.53329849e+02 5.07765350e+02 2.22615143e+02
    4.76155365e+02 2.22729187e+02 4.43181824e+02 2.22900925e+02
    4.09053650e+02 2.22850830e+02 3.74523773e+02 2.22635376e+02
    3.39895874e+02 2.22180267e+02 3.05439331e+02 2.21619385e+02
    2.71951599e+02 2.21055237e+02 2.39559830e+02 2.20213150e+02
    5.08634918e+02 1.88751846e+02 4.76940948e+02 1.88469086e+02
    4.43855103e+02 1.88279816e+02 4.09533386e+02 1.87982117e+02
    3.74955170e+02 1.87696045e+02 3.40106232e+02 1.87397522e+02
    3.05520477e+02 1.87184052e+02 2.71760834e+02 1.86765610e+02
    2.39345306e+02 1.86588715e+02 5.09108978e+02 1.54369995e+02
    4.77332275e+02 1.53711884e+02 4.44074402e+02 1.53205612e+02
    4.09739136e+02 1.52760605e+02 3.75029877e+02 1.52455612e+02
    3.40312073e+02 1.52311249e+02 3.05606445e+02 1.52240234e+02
    2.72107361e+02 1.52375122e+02 2.39426254e+02 1.52568405e+02
    5.08514648e+02 1.20563599e+02 4.76963959e+02 1.19318771e+02
    4.43706665e+02 1.18492958e+02 4.09468506e+02 1.17799713e+02
    3.75060364e+02 1.17541443e+02 3.40417419e+02 1.17497971e+02
    3.05870026e+02 1.17736298e+02 2.72368713e+02 1.18202560e+02
    2.39804092e+02 1.19016991e+02 5.07379303e+02 8.73268661e+01
    4.75863373e+02 8.57327347e+01 4.43036621e+02 8.44737396e+01
    4.09100769e+02 8.38251038e+01 3.74700775e+02 8.34298019e+01
    3.40434845e+02 8.34209290e+01 3.06177277e+02 8.40320282e+01
    2.72829071e+02 8.48651962e+01 2.40481583e+02 8.61517258e+01
    4.70560486e+02 2.66335785e+02 4.33968140e+02 2.68886047e+02
    3.95521423e+02 2.71385956e+02 3.55732635e+02 2.73207916e+02
    3.15684052e+02 2.74642517e+02 2.75931152e+02 2.75535492e+02
    2.36689621e+02 2.75820831e+02 1.99192566e+02 2.75820526e+02
    1.63498367e+02 2.75421478e+02 4.70008423e+02 2.27982803e+02
    4.33262787e+02 2.29907654e+02 3.94539368e+02 2.31692413e+02
    3.54609253e+02 2.33441101e+02 3.14397614e+02 2.34687119e+02
    2.74374512e+02 2.35782455e+02 2.34985886e+02 2.36527130e+02
    1.97342407e+02 2.37149689e+02 1.61588303e+02 2.37386719e+02
    4.68649567e+02 1.89286316e+02 4.31653595e+02 1.90587189e+02
    3.93301788e+02 1.91787781e+02 3.53342590e+02 1.93276108e+02
    3.13172150e+02 1.94492920e+02 2.73097839e+02 1.95637711e+02
    2.33858017e+02 1.96852081e+02 1.96344849e+02 1.97871033e+02
    1.60636505e+02 1.98935303e+02 4.66499847e+02 1.50515778e+02
    4.29860138e+02 1.51253387e+02 3.91518768e+02 1.51873596e+02
    3.51905914e+02 1.53048416e+02 3.11940979e+02 1.54346954e+02
    2.72246857e+02 1.55574020e+02 2.33331253e+02 1.57337448e+02
    1.96052170e+02 1.58947479e+02 1.60616943e+02 1.60624329e+02
    4.63743073e+02 1.12962242e+02 4.27505310e+02 1.12747337e+02
    3.89501770e+02 1.13391716e+02 3.50347900e+02 1.14113373e+02
    3.10986389e+02 1.15304665e+02 2.71735046e+02 1.16778389e+02
    2.33320175e+02 1.18703865e+02 1.96340805e+02 1.20814087e+02
    1.61232224e+02 1.23092865e+02 4.60411469e+02 7.67163162e+01
    4.24624298e+02 7.63497238e+01 3.87311249e+02 7.62320633e+01
    3.48686859e+02 7.66733093e+01 3.09995972e+02 7.77250061e+01
    2.71510773e+02 7.93311996e+01 2.33643906e+02 8.16602859e+01
    1.97325851e+02 8.43280411e+01 1.62625458e+02 8.73568497e+01
    4.93580750e+02 2.62289062e+02 4.58781860e+02 2.58325165e+02
    4.24671417e+02 2.54435638e+02 3.91993011e+02 2.50171799e+02
    3.60845184e+02 2.46183533e+02 3.31625244e+02 2.41804886e+02
    3.03971283e+02 2.38287933e+02 2.78176147e+02 2.34267944e+02
    2.55339890e+02 2.30710846e+02 4.97900482e+02 2.23108856e+02
    4.62837799e+02 2.20066757e+02 4.28764954e+02 2.16797379e+02
    3.95819855e+02 2.13856323e+02 3.64563538e+02 2.10723831e+02
    3.35109528e+02 2.08095123e+02 3.07117096e+02 2.04875778e+02
    2.81613586e+02 2.02869080e+02 2.58261749e+02 1.99433273e+02
    5.01407440e+02 1.83995438e+02 4.66472626e+02 1.81560394e+02
    4.32175354e+02 1.79421448e+02 3.99261993e+02 1.77254807e+02
