<?xml version="1.0"?>
<opencv_storage>
<calibration_Time>"Fri Dec  4 08:18:51 2015"</calibration_Time>
<nrOfFrames>10</nrOfFrames>
<image_Width>640</image_Width>
<image_Height>360</image_Height>
<board_Width>9</board_Width>
<board_Height>6</board_Height>
<square_Size>25.</square_Size>
<FixAspectRatio>1.</FixAspectRatio>
<!-- flags:  +fix_aspectRatio +fix_principal_point +zero_tangent_dist -->
<flagValue>14</flagValue>
<Camera_Matrix type_id="opencv-matrix">
  <rows>3</rows>
  <cols>3</cols>
  <dt>d</dt>
  <data>
    5.6648970159339228e+02 0. 3.1950000000000000e+02 0.
    5.6648970159339228e+02 1.7950000000000000e+02 0. 0. 1.</data></Camera_Matrix>
<Distortion_Coefficients type_id="opencv-matrix">
  <rows>5</rows>
  <cols>1</cols>
  <dt>d</dt>
  <data>
    -5.2822968718988295e-01 2.7915362665175647e-01 0. 0.
    8.4298493015121573e-02</data></Distortion_Coefficients>
<Avg_Reprojection_Error>6.5724724128214507e-01</Avg_Reprojection_Error>
<Per_View_Reprojection_Errors type_id="opencv-matrix">
  <rows>10</rows>
  <cols>1</cols>
  <dt>f</dt>
  <data>
    2.29361594e-01 1.58920333e-01 1.98410976e+00 1.85713574e-01
    1.94199935e-01 2.29767218e-01 2.12734327e-01 1.92257538e-01
    2.58544087e-01 1.76423997e-01</data></Per_View_Reprojection_Errors>
<!-- a set of 6-tuples (rotation vector + translation vector) for each view -->
<Extrinsic_Parameters type_id="opencv-matrix">
  <rows>10</rows>
  <cols>6</cols>
  <dt>d</dt>
  <data>
    -9.6953305643290327e-02 3.7764912261332344e-03
    -4.5244642944704941e-02 -8.3784441139755955e+01
    -6.1739500003222680e+01 3.6231993433744520e+02
    -2.6396603194299145e-01 -5.4310449637086877e-01
    -1.4794375255342429e-01 -3.0435597972787622e+02
    -2.8129658646515448e+01 6.1175752691818820e+02
    -2.1343294239196839e-01 -8.7117427892566002e-01
    -1.3617132964479214e-01 -6.0621212078905394e+01
    -8.4363531796395350e+01 3.9635189539167794e+02
    -2.0587780722239121e-01 -1.0027986832718885e+00
    -1.0143209551055703e-01 -2.0829837849594065e+02
    -4.8192358353515679e+01 4.0913595307209221e+02
    5.1011670468454673e-02 8.7682357200614347e-01 1.0727625894449556e-01
    -1.3835340871538410e+01 -8.7044887989518813e+01
    4.7041290053442481e+02 -6.4524635257344420e-01
    4.4816872287232434e-01 4.2810824540895098e-01
    -5.5883374922264125e+01 -1.0147296182157635e+02
    4.3315506384008677e+02 -6.2084917002025397e-01
    2.7785543811039631e-01 5.1132545556678982e-02
    -5.1545603492953376e+01 -6.6278848278653570e+01
    4.2031760308571353e+02 -4.3465844877569443e-01
    -4.6321597402909831e-01 2.8676014290558582e-01
    -7.9453101578876868e+01 -9.8548268940316660e+01
    4.0013846588447871e+02 6.0420026449530617e-01
    -5.8584159010323145e-01 -1.0346959177644996e-01
    -7.3312947228442297e+01 -2.5290281468046828e+01
    2.8726073131809432e+02 -1.5522721408201598e-01
    -5.3171462023307758e-01 1.0944977030143579e-01
    -1.0991410581420615e+02 -6.3429797444620370e+01
    3.2255516740197186e+02</data></Extrinsic_Parameters>
<Image_points type_id="opencv-matrix">
  <rows>10</rows>
  <cols>54</cols>
  <dt>"2f"</dt>
  <data>
    1.93554810e+02 8.71624603e+01 2.29742691e+02 8.41566772e+01
    2.67403748e+02 8.14773865e+01 3.05630707e+02 7.94529800e+01
    3.44314911e+02 7.78482513e+01 3.82385406e+02 7.68527069e+01
    4.19414581e+02 7.62536087e+01 4.54832672e+02 7.60816803e+01
    4.88664307e+02 7.63613510e+01 1.93408051e+02 1.23394516e+02
    2.30264587e+02 1.20839470e+02 2.68419434e+02 1.18639282e+02
    3.07415405e+02 1.16619614e+02 3.46576294e+02 1.15104187e+02
    3.85098755e+02 1.13739655e+02 4.22650726e+02 1.12675415e+02
    4.58745880e+02 1.11785812e+02 4.93118622e+02 1.11580086e+02
    1.93654831e+02 1.60815582e+02 2.30880875e+02 1.59065674e+02
    2.69474426e+02 1.57020721e+02 3.09071381e+02 1.55298660e+02
    3.48558228e+02 1.53484482e+02 3.87722321e+02 1.51830994e+02
    4.25891602e+02 1.50443115e+02 4.62246918e+02 1.49092255e+02
    4.96662781e+02 1.47929245e+02 1.94673019e+02 1.99332016e+02
    2.32118683e+02 1.97754028e+02 2.70866150e+02 1.96340149e+02
    3.10761810e+02 1.94590408e+02 3.50604248e+02 1.92858261e+02
    3.89869446e+02 1.90959503e+02 4.28307953e+02 1.88978851e+02
    4.64966156e+02 1.87089859e+02 4.99558472e+02 1.85105469e+02
    1.96271164e+02 2.37896347e+02 2.33860703e+02 2.36980453e+02
    2.72563843e+02 2.35724960e+02 3.12639160e+02 2.34113953e+02
    3.52481079e+02 2.32425354e+02 3.91736328e+02 2.30225800e+02
    4.30321869e+02 2.27714172e+02 4.66796173e+02 2.25290390e+02
    5.01509216e+02 2.22527176e+02 1.98422562e+02 2.76210999e+02
    2.35759735e+02 2.75759583e+02 2.74515503e+02 2.75027435e+02
    3.14496399e+02 2.73583221e+02 3.54159729e+02 2.71705170e+02
    3.93406250e+02 2.69325165e+02 4.31545319e+02 2.66421326e+02
    4.68184113e+02 2.63235626e+02 5.02587463e+02 2.59699280e+02
    6.95244064e+01 1.56341583e+02 8.75175705e+01 1.55259796e+02
    1.05620834e+02 1.53610825e+02 1.24182785e+02 1.52412827e+02
    1.42638138e+02 1.51197052e+02 1.60856644e+02 1.50250656e+02
    1.79088440e+02 1.49009628e+02 1.97274857e+02 1.48025558e+02
    2.15136246e+02 1.46781326e+02 7.08168411e+01 1.75919983e+02
    8.93620377e+01 1.74603821e+02 1.07554138e+02 1.73273193e+02
    1.26369980e+02 1.71697937e+02 1.44960114e+02 1.70518997e+02
    1.63388138e+02 1.69184875e+02 1.81735641e+02 1.67708191e+02
    2.00024551e+02 1.66454468e+02 2.18217148e+02 1.65298416e+02
    7.29624710e+01 1.95808594e+02 9.14211273e+01 1.94577042e+02
    1.10088051e+02 1.92967667e+02 1.28849182e+02 1.91563431e+02
    1.47470230e+02 1.89945480e+02 1.66119278e+02 1.88542450e+02
    1.84846313e+02 1.87161087e+02 2.03226639e+02 1.85564346e+02
    2.21373886e+02 1.84116943e+02 7.54302750e+01 2.16387054e+02
    9.39087296e+01 2.14697678e+02 1.12505104e+02 2.13284500e+02
    1.31617554e+02 2.11487564e+02 1.50390015e+02 2.09872421e+02
    1.69349503e+02 2.08325790e+02 1.87915054e+02 2.06615494e+02
    2.06473526e+02 2.04685913e+02 2.24628632e+02 2.03096771e+02
    7.80266953e+01 2.36761673e+02 9.65238266e+01 2.35363739e+02
    1.15529480e+02 2.33343521e+02 1.34569656e+02 2.31887238e+02
    1.53575638e+02 2.30040588e+02 1.72494232e+02 2.28174423e+02
    1.91323807e+02 2.26226013e+02 2.09802856e+02 2.24409042e+02
    2.28201416e+02 2.22404358e+02 8.09107132e+01 2.57679474e+02
    9.98193130e+01 2.55882202e+02 1.18826126e+02 2.54212097e+02
    1.37979752e+02 2.52350616e+02 1.57034622e+02 2.50370850e+02
    1.75791443e+02 2.48200333e+02 1.94807709e+02 2.46307846e+02
    2.13558197e+02 2.43848145e+02 2.31862701e+02 2.41834824e+02
    2.35788300e+02 6.32420425e+01 2.60337189e+02 6.65613632e+01
    2.82718994e+02 6.97776871e+01 3.03934631e+02 7.33982849e+01
    3.23068909e+02 7.63336258e+01 3.41146454e+02 7.98474884e+01
    3.57441956e+02 8.23425522e+01 3.78865875e+02 8.67272644e+01
    3.79424042e+02 8.67419510e+01 2.41503311e+02 9.49117432e+01
    2.65661804e+02 9.71650696e+01 2.88695190e+02 9.96287308e+01
    3.09699402e+02 1.01583481e+02 3.29380829e+02 1.04236313e+02
    3.46753296e+02 1.05612091e+02 3.63695831e+02 1.08389992e+02
    3.79392639e+02 1.09999832e+02 3.96531036e+02 1.13032433e+02
    2.47402878e+02 1.27992149e+02 2.72064575e+02 1.29349136e+02
    2.94894623e+02 1.30302765e+02 3.16128815e+02 1.31409027e+02
    3.35550323e+02 1.32172897e+02 3.53484314e+02 1.33481033e+02
    3.70152710e+02 1.34129990e+02 3.86705261e+02 1.35586121e+02
    3.99332306e+02 1.36369247e+02 2.54017838e+02 1.62717773e+02
    2.78645630e+02 1.62215271e+02 3.01508331e+02 1.62244186e+02
    3.22649933e+02 1.61498825e+02 3.42060791e+02 1.61753876e+02
    3.59654755e+02 1.61087921e+02 3.76067261e+02 1.61366150e+02
    3.91483063e+02 1.60920120e+02 3.95488464e+02 1.60971786e+02
    2.60958221e+02 1.97944748e+02 2.85504089e+02 1.96380295e+02
    3.08319427e+02 1.94189026e+02 3.29322693e+02 1.92793167e+02
    3.48287506e+02 1.91041214e+02 3.65845825e+02 1.90058823e+02
    3.82275604e+02 1.88037354e+02 3.97419006e+02 1.87667725e+02
